1000,1391,colorFirst,colorSecond
0,8,0,1
0,100,0,1
1,383,0,1
1,758,0,1
2,287,0,1
2,716,0,2
2,233,0,1
2,533,0,1
2,931,0,1
2,179,0,1
3,618,0,1
3,904,0,1
3,816,0,2
3,557,0,1
3,669,0,1
4,967,0,1
5,600,0,1
5,370,0,1
5,592,0,2
5,353,0,1
5,540,0,2
5,609,0,1
6,650,0,1
6,309,0,1
6,998,0,1
6,710,0,1
7,946,0,1
8,0,1,0
8,816,1,2
8,391,1,0
8,535,1,0
8,968,1,2
8,857,1,2
9,912,0,1
9,482,0,2
9,677,0,2
10,560,0,2
11,997,0,1
11,207,0,1
11,872,0,1
12,344,0,1
13,382,0,1
13,208,0,1
13,717,0,1
13,943,0,1
14,708,0,2
14,145,0,1
15,367,0,2
15,849,0,1
16,470,0,1
16,766,0,1
16,54,0,1
16,823,0,1
16,685,0,1
16,657,0,1
17,759,0,1
17,567,0,2
18,639,0,1
18,684,0,1
18,784,0,1
18,447,0,1
18,199,0,1
18,321,0,1
19,792,0,1
19,940,0,2
19,705,0,1
19,478,0,1
19,108,0,1
19,182,0,1
20,546,0,1
20,403,0,2
21,178,0,1
21,395,0,2
21,887,0,1
22,279,0,1
22,978,0,2
22,43,0,1
22,264,0,1
23,250,0,1
23,838,0,2
24,676,0,1
24,894,0,1
24,973,0,2
24,931,0,1
25,792,0,1
25,637,0,1
25,442,0,1
25,587,0,2
25,950,0,2
26,380,0,1
26,996,0,1
26,563,0,1
26,379,0,1
26,586,0,2
26,885,0,1
27,573,0,2
27,659,0,1
27,471,0,2
27,364,0,2
28,715,0,1
29,470,0,1
29,132,0,1
29,620,0,1
29,438,0,1
29,166,0,1
29,467,0,1
30,332,0,1
30,600,0,1
31,426,0,2
31,238,0,2
31,458,0,2
31,404,0,1
32,257,0,2
32,957,0,1
32,250,0,1
33,338,0,1
33,444,0,1
33,162,0,1
34,618,0,1
35,886,0,1
35,737,0,2
36,306,0,2
36,685,0,1
37,121,0,1
37,321,0,1
37,576,0,1
37,510,0,2
37,697,0,1
37,217,0,1
38,575,0,1
38,574,0,1
38,788,0,2
38,733,0,2
39,668,0,1
39,620,0,1
39,167,0,1
40,612,0,2
40,765,0,1
40,362,0,2
40,972,0,2
40,580,0,1
40,782,0,1
41,363,0,2
41,508,0,2
41,232,0,1
41,235,0,1
42,739,0,1
43,22,1,0
43,437,1,0
43,405,1,0
44,623,0,1
45,228,0,1
45,597,0,1
45,126,0,1
46,385,0,1
46,219,0,1
46,710,0,1
46,101,0,1
46,922,0,1
46,206,0,1
47,887,0,1
47,646,0,2
47,729,0,1
47,193,0,1
47,221,0,1
47,795,0,1
48,449,0,2
48,821,0,1
48,789,0,1
48,820,0,2
48,199,0,1
48,594,0,2
49,908,0,2
49,460,0,1
49,475,0,2
49,381,0,1
49,793,0,1
49,585,0,1
50,377,0,1
50,263,0,1
50,622,0,1
50,370,0,1
50,845,0,1
51,993,0,1
51,582,0,2
52,95,0,1
53,375,0,1
54,16,1,0
54,646,1,2
55,531,0,1
55,585,0,1
55,862,0,1
55,443,0,1
55,769,0,2
55,283,0,1
56,523,0,1
56,513,0,1
57,946,0,1
58,770,0,2
58,461,0,1
59,228,0,1
59,291,0,1
60,679,0,1
60,947,0,2
60,734,0,1
60,630,0,2
60,868,0,1
60,705,0,1
61,611,0,1
61,933,0,1
61,244,0,1
61,155,0,1
61,96,0,1
61,208,0,1
62,70,0,1
62,682,0,1
62,153,0,1
62,655,0,1
63,575,0,1
63,519,0,1
63,156,0,1
64,739,0,1
64,715,0,1
64,350,0,1
64,285,0,2
64,981,0,1
64,455,0,1
65,827,0,1
65,138,0,1
66,212,0,1
67,650,0,1
67,892,0,1
67,624,0,1
67,266,0,2
67,876,0,2
67,910,0,1
68,975,0,1
68,388,0,2
68,727,0,1
68,537,0,1
69,958,0,1
70,62,1,0
70,819,1,2
71,231,0,2
71,546,0,1
71,221,0,1
71,368,0,1
71,369,0,2
72,151,0,1
72,904,0,1
73,137,0,1
73,862,0,1
73,356,0,1
74,352,0,2
74,727,0,1
74,485,0,2
74,206,0,1
75,259,0,2
75,935,0,1
75,959,0,1
75,217,0,1
75,570,0,1
75,532,0,1
76,660,0,1
76,675,0,1
76,532,0,1
76,83,0,1
76,724,0,1
76,651,0,1
77,890,0,1
77,311,0,2
77,803,0,1
77,958,0,1
78,591,0,2
78,310,0,1
79,963,0,1
79,919,0,1
79,124,0,1
80,697,0,1
80,468,0,1
80,771,0,1
80,853,0,2
80,698,0,2
80,287,0,1
81,534,0,1
81,524,0,2
81,900,0,1
81,724,0,1
83,76,1,0
83,897,1,0
83,256,1,0
84,919,0,1
84,394,0,1
85,775,0,1
85,810,0,2
85,674,0,1
85,118,0,1
85,824,0,1
86,696,0,1
86,502,0,1
86,659,0,1
87,542,0,1
87,995,0,1
88,427,0,1
88,378,0,2
89,461,0,1
89,522,0,1
89,651,0,1
89,845,0,1
89,722,0,1
89,441,0,1
90,477,0,1
90,596,0,1
90,943,0,1
90,383,0,1
90,155,0,1
91,218,0,1
91,390,0,1
91,455,0,1
91,442,0,1
92,534,0,1
92,955,0,2
92,778,0,2
92,938,0,1
92,447,0,1
92,784,0,1
93,291,0,1
94,212,0,1
94,496,0,2
94,205,0,2
95,52,1,0
95,511,1,0
96,61,1,0
96,365,1,2
96,594,1,2
96,952,1,2
96,238,1,2
96,744,1,0
97,264,0,1
97,850,0,1
97,687,0,1
97,867,0,2
97,914,0,1
97,639,0,1
98,390,0,1
98,344,0,1
98,324,0,2
98,351,0,1
98,637,0,1
98,856,0,2
99,424,0,1
99,559,0,1
99,751,0,1
100,0,1,0
100,486,1,2
100,259,1,2
100,384,1,0
100,835,1,0
100,462,1,0
101,46,1,0
101,524,1,2
101,666,1,2
102,995,0,1
102,414,0,1
103,262,0,1
103,272,0,1
104,189,0,1
104,680,0,1
104,379,0,1
104,966,0,1
104,579,0,2
104,144,0,1
105,202,0,1
105,662,0,2
105,504,0,1
105,690,0,1
105,341,0,2
105,723,0,2
106,494,0,1
106,338,0,1
106,356,0,1
108,19,1,0
108,726,1,0
108,615,1,0
108,403,1,2
108,770,1,2
109,993,0,1
109,610,0,2
109,829,0,1
109,142,0,1
109,563,0,1
109,365,0,2
110,262,0,1
110,759,0,1
111,983,0,2
111,357,0,1
111,700,0,1
112,265,0,1
112,279,0,1
112,143,0,1
112,317,0,1
112,684,0,1
113,452,0,2
113,441,0,1
113,614,0,1
114,622,0,1
114,173,0,1
114,927,0,1
114,795,0,1
114,146,0,1
115,531,0,1
116,288,0,2
116,829,0,1
116,551,0,1
116,975,0,1
116,278,0,1
116,327,0,1
117,754,0,2
117,331,0,1
117,322,0,1
117,355,0,1
117,776,0,1
117,932,0,2
118,85,1,0
118,908,1,2
118,876,1,2
118,763,1,0
118,915,1,2
118,866,1,0
119,718,0,1
119,154,0,1
120,580,0,1
120,336,2,2
120,372,2,2
120,453,1,1
121,37,1,1
121,172,1,1
121,148,1,1
121,227,1,1
122,350,1,1
122,225,1,1
122,851,1,1
122,791,1,1
122,526,0,1
123,493,0,2
123,668,0,1
124,79,1,0
124,430,1,0
124,457,1,0
124,631,1,2
124,940,1,2
124,648,1,2
125,848,0,2
125,450,0,2
125,188,0,1
126,45,1,0
126,595,1,2
126,285,1,2
126,326,1,2
126,733,1,2
126,732,1,2
127,617,0,2
128,514,0,1
128,596,0,1
128,970,0,2
128,977,0,1
129,135,0,1
129,277,0,1
130,446,0,1
130,542,0,1
130,298,0,1
130,480,0,2
130,438,0,1
130,536,0,2
131,557,0,1
132,29,1,0
132,749,1,2
132,417,1,0
132,227,1,0
132,805,1,2
133,858,0,2
133,188,0,1
133,137,0,1
133,495,0,1
134,517,0,1
134,846,0,1
134,186,0,1
135,129,1,0
135,747,1,0
135,591,1,2
136,346,0,1
137,73,1,0
137,133,1,0
137,481,1,2
137,324,1,2
138,65,1,0
138,587,1,2
138,619,1,0
138,838,1,2
138,949,1,2
138,378,1,2
139,989,0,2
140,991,0,2
141,666,0,2
141,761,0,1
141,832,0,1
141,282,0,1
142,109,1,0
142,376,1,2
142,290,1,0
142,642,1,0
143,112,1,0
143,699,1,2
143,617,1,2
143,190,1,0
143,450,1,2
144,104,1,0
144,867,1,2
145,14,1,0
145,359,1,0
145,858,1,2
145,337,1,0
146,114,1,0
146,445,1,2
146,312,1,2
146,362,1,2
146,932,1,2
146,837,1,0
147,213,0,1
147,857,0,2
147,331,0,1
148,121,0,1
148,794,0,1
148,641,0,1
148,295,0,1
148,849,0,1
148,164,0,1
149,648,0,2
149,284,0,1
149,836,0,2
149,828,0,2
150,500,0,1
150,483,0,2
150,543,0,1
150,232,0,1
151,72,1,0
151,839,1,2
152,346,0,1
152,173,0,1
152,831,0,1
152,182,0,1
152,176,0,1
153,62,1,0
153,507,1,2
153,431,1,0
153,231,1,2
153,841,1,2
153,616,1,2
154,119,1,0
154,452,1,2
154,395,1,2
154,268,1,0
154,801,1,0
154,731,1,2
155,61,1,0
155,90,1,0
155,336,1,2
155,506,1,0
155,769,1,2
155,753,1,0
156,63,1,0
156,702,1,0
157,507,0,2
157,843,0,2
158,793,0,1
158,608,0,1
158,502,0,1
159,520,0,1
159,860,0,1
159,191,0,1
159,590,0,1
159,664,0,2
159,823,0,1
160,679,0,1
160,174,0,1
160,963,0,1
161,623,0,1
161,859,0,1
161,631,0,2
161,657,0,1
161,520,0,1
162,33,1,0
162,330,1,0
162,567,1,2
162,329,1,0
162,573,1,2
162,281,1,0
163,626,0,1
163,327,0,1
163,326,0,2
164,148,1,0
164,848,1,2
165,874,0,1
165,885,0,1
165,481,0,2
166,29,1,0
166,788,1,2
166,372,1,2
166,205,1,2
166,902,1,0
166,480,1,2
167,39,1,0
167,316,1,0
167,978,1,2
167,510,1,2
167,226,1,0
168,749,0,2
168,996,0,1
168,292,0,1
169,884,0,1
169,785,0,1
169,830,0,1
169,513,0,1
169,415,0,1
170,333,0,2
170,871,0,2
170,468,0,1
170,552,0,2
170,934,0,2
170,760,0,2
171,990,0,1
171,728,0,1
171,790,0,2
172,121,0,1
172,846,0,1
173,114,1,0
173,152,1,0
173,871,1,2
174,160,1,0
174,634,1,2
175,292,0,1
175,676,0,1
176,152,1,0
176,619,1,0
176,812,1,2
176,527,1,0
176,753,1,0
176,708,1,2
178,21,1,0
178,854,1,0
178,266,1,2
179,2,1,0
179,579,1,2
179,598,1,2
180,432,0,2
180,565,0,1
180,922,1,1
180,813,1,1
180,335,1,1
180,783,0,1
181,335,0,1
181,258,0,1
181,815,2,2
181,368,1,1
181,539,1,1
182,19,1,0
182,152,1,0
182,471,1,2
182,777,1,0
182,992,1,0
183,881,0,1
184,357,1,1
185,601,1,1
185,831,0,1
185,719,0,1
185,492,0,1
185,351,0,1
185,220,0,1
186,134,1,0
186,667,1,2
186,535,1,0
186,420,1,0
186,371,1,2
186,304,1,0
187,509,0,1
187,910,0,1
187,298,0,1
187,811,0,1
188,125,1,0
188,133,1,0
188,916,1,2
188,582,1,2
188,214,1,0
188,610,1,2
189,104,1,0
189,947,1,2
190,143,0,1
190,614,0,1
190,742,0,1
190,785,0,1
190,269,0,1
190,559,0,1
191,159,1,0
191,348,1,0
191,896,1,0
191,433,1,0
192,981,0,1
192,695,0,1
192,423,0,1
192,302,0,1
192,693,0,1
193,47,1,0
193,873,1,0
193,306,1,2
193,934,1,2
195,800,0,2
196,254,0,1
196,404,0,1
196,748,0,1
196,990,0,1
197,515,0,1
197,424,0,1
197,477,0,1
197,355,0,1
198,812,0,2
198,688,0,1
198,811,0,1
198,263,0,1
199,18,1,0
199,48,1,0
199,869,1,2
199,484,1,0
199,268,1,0
200,964,0,2
200,334,0,2
201,827,0,1
201,413,0,1
201,765,0,1
201,636,0,1
202,105,1,0
202,612,1,2
202,426,1,2
203,247,0,1
203,776,0,1
203,422,0,1
203,416,0,1
204,886,0,1
204,833,0,1
204,755,0,1
205,94,2,0
205,166,2,1
205,297,2,0
205,529,2,0
205,437,2,0
205,813,2,1
206,46,1,0
206,74,1,0
206,498,1,0
207,11,1,0
207,508,1,2
208,13,1,0
208,61,1,0
208,325,1,0
208,257,1,2
208,677,1,2
208,891,1,2
209,467,0,1
209,927,0,1
209,961,0,1
209,354,0,2
209,478,0,1
209,295,0,1
210,893,0,2
211,505,0,2
211,799,0,1
211,512,0,2
211,530,0,1
212,66,1,0
212,94,1,0
212,897,1,0
213,147,1,0
213,410,1,2
213,496,1,2
213,689,1,0
213,588,1,0
214,188,0,1
214,342,0,1
214,444,0,1
215,412,0,1
215,419,0,1
215,998,0,1
215,489,0,2
215,841,0,2
216,479,0,2
216,789,0,1
216,700,0,1
216,977,0,1
217,37,1,0
217,75,1,0
217,630,1,2
218,91,1,0
218,815,1,2
219,46,1,0
219,366,1,0
219,323,1,0
219,463,1,0
220,185,1,0
220,864,1,2
220,506,1,0
220,982,1,2
220,359,1,0
221,47,1,0
221,71,1,0
221,516,1,0
221,458,1,2
221,301,1,2
222,301,0,2
222,681,0,1
222,399,0,2
223,446,0,1
223,328,0,2
224,869,0,2
224,658,0,1
224,997,0,1
224,476,0,2
224,687,0,1
225,122,1,0
225,853,1,2
225,333,1,2
225,476,1,2
225,352,1,2
226,167,0,1
226,980,0,2
226,985,0,1
226,729,0,1
226,303,0,1
226,647,0,2
227,121,0,1
227,132,0,1
227,500,0,1
227,270,0,1
228,45,1,0
228,59,1,0
228,364,1,2
228,483,1,2
228,971,1,0
230,410,0,2
230,312,0,2
230,608,0,1
231,71,2,0
231,153,2,1
231,665,2,0
231,624,2,1
231,833,2,1
232,41,1,0
232,150,1,0
232,316,1,0
232,973,1,2
232,401,1,0
232,893,1,2
233,2,1,0
233,493,1,2
233,391,1,0
233,939,1,0
233,644,1,2
233,704,1,0
234,686,0,1
234,850,0,1
234,519,0,1
234,884,0,1
234,276,0,1
235,41,1,0
235,737,1,2
236,655,0,1
236,414,0,1
236,942,0,1
238,31,2,0
238,96,2,1
238,315,2,0
239,628,0,1
239,930,0,1
239,376,0,2
239,398,0,2
240,569,0,2
240,755,0,1
240,968,0,2
240,435,0,1
241,892,0,1
242,923,0,2
242,526,0,1
242,819,0,2
242,271,0,2
242,712,0,1
243,425,0,1
243,774,0,2
244,61,1,0
244,842,1,0
244,363,1,2
244,810,1,2
244,716,1,2
244,593,1,2
245,251,0,1
245,883,0,1
246,644,0,2
246,460,0,1
246,799,0,1
246,636,0,1
247,203,1,0
247,475,1,2
247,778,1,2
249,743,0,1
249,731,0,2
249,741,0,1
249,550,0,2
249,864,0,2
250,23,1,0
250,32,1,0
250,592,1,2
250,905,1,0
251,245,1,0
251,965,1,0
251,490,1,0
252,761,0,1
252,682,0,1
252,277,0,1
252,914,0,1
253,358,0,2
253,658,0,1
254,196,1,0
254,354,1,2
254,709,1,0
254,411,1,0
255,533,0,1
255,453,0,1
255,920,0,2
255,576,0,1
256,83,0,1
256,680,0,1
257,32,2,0
257,208,2,1
257,528,2,1
257,653,2,0
257,606,2,1
258,181,1,0
258,994,1,2
258,536,1,2
258,801,1,0
258,393,1,0
258,358,1,2
259,75,2,0
259,100,2,1
259,380,2,1
260,878,0,1
260,757,0,1
260,696,0,1
261,494,0,1
261,353,0,1
262,103,1,0
262,110,1,0
262,456,1,0
262,843,1,2
262,972,1,2
263,50,1,0
263,198,1,0
263,388,1,2
263,311,1,2
264,22,1,0
264,97,1,0
264,271,1,2
265,112,1,0
265,367,1,2
265,345,1,0
265,971,1,0
265,880,1,0
265,525,1,0
266,67,2,0
266,178,2,1
266,693,2,1
266,581,2,0
266,568,2,0
267,933,0,1
267,643,0,2
267,875,0,1
267,851,0,1
268,154,0,1
268,199,0,1
268,855,0,1
268,418,0,1
268,415,0,1
269,190,1,0
269,880,1,0
270,227,1,0
270,474,1,2
270,294,1,0
270,564,1,0
270,627,1,2
270,774,1,2
271,242,2,0
271,264,2,1
271,807,2,0
271,879,2,0
272,103,1,0
272,983,1,2
272,334,1,2
272,389,1,0
273,805,0,2
274,313,0,1
274,521,0,2
274,926,0,2
275,984,0,2
275,944,0,1
275,613,0,1
275,891,0,2
276,234,1,0
276,288,1,2
277,129,1,0
277,252,1,0
277,920,1,2
277,569,1,2
277,950,1,2
277,923,1,2
278,116,1,0
278,760,1,2
278,747,1,0
278,398,1,2
278,432,1,2
278,671,1,0
279,22,1,0
279,112,1,0
279,434,1,0
279,484,1,0
279,642,1,0
279,602,1,2
281,162,0,1
281,683,0,2
281,961,0,1
282,141,1,0
282,844,1,2
282,856,1,2
282,704,1,0
283,55,1,0
283,689,1,0
283,487,1,0
284,149,1,0
284,820,1,2
284,653,1,0
284,369,1,2
285,64,2,0
285,126,2,1
285,492,2,1
286,951,0,1
286,796,0,1
287,2,1,0
287,80,1,0
287,399,1,2
287,409,1,0
288,116,2,0
288,276,2,1
288,574,2,1
288,757,2,1
289,830,0,1
289,935,0,1
290,142,0,1
290,985,0,1
290,299,0,1
290,758,0,1
290,296,0,1
290,307,0,1
291,59,1,0
291,93,1,0
291,462,1,0
291,664,1,2
292,168,1,0
292,175,1,0
292,487,1,0
293,606,0,1
294,270,0,1
294,593,0,2
294,806,0,2
295,148,1,0
295,209,1,0
295,662,1,2
295,505,1,2
296,290,1,0
296,767,1,0
297,205,0,2
297,541,0,1
297,844,0,2
297,944,0,1
298,130,1,0
298,187,1,0
298,976,1,0
298,449,1,2
298,341,1,2
298,992,1,0
299,290,1,0
299,974,1,0
299,538,1,0
300,938,0,1
300,562,0,2
300,954,0,1
301,221,2,1
301,222,2,0
301,746,2,0
301,738,2,0
301,832,2,1
301,937,2,1
302,192,1,0
302,720,1,0
302,320,1,0
302,763,1,0
302,656,1,2
303,226,1,0
303,516,1,0
303,825,1,2
304,186,0,1
306,36,2,0
306,193,2,1
306,779,2,0
306,999,2,1
306,703,2,0
307,290,1,0
307,564,1,0
307,615,1,0
307,925,1,2
307,571,1,2
307,625,1,0
308,691,0,1
309,6,1,0
309,738,1,0
310,78,1,0
310,550,1,2
311,77,2,0
311,263,2,1
312,146,2,1
312,230,2,0
312,488,2,0
312,966,2,1
313,274,1,0
313,409,1,0
313,828,1,2
314,427,0,1
314,881,0,1
314,804,0,1
315,238,0,2
315,909,0,1
315,756,0,1
315,797,0,2
316,167,0,1
316,232,0,1
316,528,0,1
317,112,1,0
317,780,1,2
317,318,1,0
317,328,1,2
317,736,1,0
318,317,0,1
318,656,0,2
319,628,0,1
319,445,0,2
320,302,0,1
320,865,0,1
321,18,1,0
321,37,1,0
321,913,1,2
322,117,1,0
322,797,1,2
323,219,0,1
323,408,0,1
323,949,0,2
323,951,0,1
324,98,2,0
324,137,2,1
324,406,2,0
325,208,0,1
325,360,0,1
326,126,2,1
326,163,2,0
326,588,2,0
326,873,2,0
327,116,1,0
327,163,1,0
327,374,1,0
327,482,1,2
328,223,2,0
328,317,2,1
328,421,2,0
328,988,2,1
329,162,0,1
329,371,0,2
329,945,0,1
329,916,0,2
329,504,0,1
329,894,0,1
330,162,0,1
330,413,0,1
330,982,0,2
330,598,0,2
331,117,1,0
331,147,1,0
331,566,1,0
331,572,1,0
332,30,1,0
332,698,1,2
332,562,1,2
333,170,2,0
333,225,2,1
333,859,2,1
333,959,2,1
333,942,2,1
333,741,2,1
334,200,2,0
334,272,2,1
334,895,2,1
334,773,2,0
334,541,2,1
334,433,2,0
335,180,1,0
335,181,1,0
335,692,1,0
336,120,2,0
336,155,2,1
336,912,2,1
337,145,0,1
337,595,0,2
337,748,0,1
337,900,0,1
337,937,0,1
338,33,1,0
338,106,1,0
338,485,1,2
338,552,1,2
338,879,1,0
338,863,1,2
339,712,0,1
339,895,0,1
339,451,0,1
341,105,2,0
341,298,2,1
341,529,2,0
341,941,2,0
342,214,1,0
342,984,1,2
342,777,1,0
342,744,1,0
343,571,0,2
344,12,1,0
344,98,1,0
344,420,1,0
345,265,0,1
346,136,1,0
346,152,1,0
346,671,1,0
346,834,1,0
347,611,0,1
347,742,0,1
347,681,0,1
348,191,0,1
350,64,1,0
350,122,1,0
351,98,1,0
351,185,1,0
351,429,1,2
351,948,1,0
351,989,1,2
352,74,2,0
352,225,2,1
353,5,1,0
353,261,1,0
353,902,1,0
354,209,2,0
354,254,2,1
354,660,2,1
354,691,2,1
354,775,2,1
355,117,1,0
355,197,1,0
356,73,1,0
356,106,1,0
356,790,1,2
356,834,1,0
357,111,1,0
357,184,1,0
358,253,2,0
358,258,2,1
358,735,2,1
359,145,0,1
359,220,0,1
359,645,0,2
359,762,0,1
359,634,0,2
360,325,1,0
360,903,1,0
360,806,1,2
361,840,0,2
361,719,0,1
362,40,2,0
362,146,2,1
362,491,2,0
362,939,2,0
362,870,2,0
363,41,2,0
363,244,2,1
363,909,2,1
363,702,2,0
364,27,2,0
364,228,2,1
364,690,2,1
364,417,2,0
365,96,2,1
365,109,2,0
365,854,2,0
366,219,0,1
366,551,0,1
366,743,0,1
366,602,0,2
366,732,0,2
367,15,2,0
367,265,2,1
367,766,2,1
367,435,2,1
367,373,2,0
368,71,1,0
368,181,1,0
368,553,1,0
369,71,2,0
369,284,2,1
369,794,2,1
369,866,2,0
369,906,2,0
369,377,2,1
370,5,1,0
370,50,1,0
370,406,1,0
370,654,1,0
371,186,2,1
371,329,2,0
371,425,2,1
372,120,2,0
372,166,2,1
372,498,2,0
373,367,0,2
373,875,0,1
373,464,0,1
374,327,0,1
374,386,0,1
374,416,0,1
375,53,1,0
375,955,1,2
375,491,1,0
376,142,2,1
376,239,2,0
377,50,1,0
377,369,1,2
377,736,1,0
378,88,2,0
378,138,2,1
378,782,2,1
378,730,2,0
378,717,2,1
378,556,2,0
379,26,1,0
379,104,1,0
379,822,1,2
380,26,1,0
380,259,1,2
380,678,1,0
380,632,1,0
381,49,1,0
381,497,1,0
381,847,1,0
381,625,1,0
382,13,1,0
382,545,1,2
382,807,1,0
382,499,1,0
382,896,1,0
383,1,1,0
383,90,1,0
384,100,0,1
384,890,0,1
385,46,1,0
385,490,1,0
386,374,1,0
386,964,1,2
387,988,0,1
387,474,0,2
387,872,0,1
388,68,2,0
388,263,2,1
389,272,0,1
389,781,0,1
390,91,1,0
390,98,1,0
390,692,1,0
390,745,1,0
390,621,1,0
390,428,1,0
391,8,0,1
391,233,0,1
391,652,0,1
392,688,0,1
393,258,0,1
393,486,0,2
393,868,0,1
394,84,1,0
394,907,1,0
395,21,2,0
395,154,2,1
397,986,0,1
398,239,2,0
398,278,2,1
399,222,2,0
399,287,2,1
399,709,2,0
400,451,0,1
401,232,0,1
401,429,0,2
401,740,0,1
402,954,0,1
402,839,0,2
403,20,2,0
403,108,2,1
403,503,2,0
404,31,1,0
404,196,1,0
405,43,0,1
405,796,0,1
405,822,0,2
405,597,0,1
406,324,0,2
406,370,0,1
407,584,0,1
407,936,0,2
407,734,0,1
407,818,0,1
408,323,1,0
408,621,1,0
408,512,1,2
408,589,1,0
408,643,1,2
409,287,0,1
409,313,0,1
409,699,0,2
410,213,2,1
410,230,2,0
410,861,2,0
411,254,0,1
411,783,0,1
411,929,0,1
411,674,0,1
411,584,0,1
411,635,0,2
412,215,1,0
412,746,1,0
413,201,1,0
413,330,1,0
414,102,1,0
414,236,1,0
415,169,1,0
415,268,1,0
415,605,1,0
415,489,1,2
416,203,1,0
416,374,1,0
416,604,1,2
416,936,1,2
416,953,1,0
417,132,0,1
417,364,0,2
418,268,1,0
419,215,1,0
419,889,1,0
420,186,0,1
420,344,0,1
420,917,0,2
421,328,0,2
421,781,0,1
421,514,0,1
422,203,1,0
422,547,1,0
422,577,1,0
422,826,1,0
423,192,1,0
423,547,1,0
424,99,1,0
424,197,1,0
424,918,1,0
424,877,1,0
425,243,1,0
425,371,1,2
425,911,1,2
425,701,1,2
426,31,2,0
426,202,2,1
426,898,2,1
426,440,2,0
427,88,1,0
427,314,1,0
427,431,1,0
428,390,0,1
428,818,0,1
428,957,0,1
428,911,0,2
428,652,0,1
429,351,2,1
429,401,2,0
429,855,2,1
430,124,0,1
430,675,0,1
430,952,0,2
430,780,0,2
431,153,0,1
431,427,0,1
431,616,0,2
431,925,0,2
432,180,2,0
432,278,2,1
433,191,0,1
433,334,0,2
434,279,0,1
434,448,0,1
434,725,0,1
435,240,1,0
435,367,1,2
435,926,1,2
436,626,0,1
437,43,0,1
437,205,0,2
438,29,1,0
438,130,1,0
438,987,1,0
438,548,1,0
439,945,0,1
440,426,0,2
440,558,0,1
441,89,1,0
441,113,1,0
441,465,1,0
442,25,1,0
442,91,1,0
442,586,1,2
442,672,1,0
442,605,1,0
443,55,1,0
443,560,1,2
444,33,1,0
444,214,1,0
445,146,2,1
445,319,2,0
446,130,1,0
446,223,1,0
446,706,1,2
446,647,1,2
447,18,1,0
447,92,1,0
448,434,1,0
448,842,1,0
449,48,2,0
449,298,2,1
449,786,2,1
450,125,2,0
450,143,2,1
450,663,2,0
450,824,2,1
450,565,2,1
450,537,2,1
451,339,1,0
451,400,1,0
451,814,1,0
452,113,2,0
452,154,2,1
452,751,2,1
452,543,2,1
452,930,2,1
452,803,2,1
453,120,1,0
453,255,1,0
453,836,1,2
453,540,1,2
455,64,1,0
455,91,1,0
455,773,1,0
455,889,1,0
455,556,1,0
456,262,0,1
456,787,0,2
456,711,0,1
457,124,0,1
457,604,0,2
457,725,0,1
458,31,2,0
458,221,2,1
458,962,2,1
458,718,2,1
459,473,0,1
460,49,1,0
460,246,1,0
461,58,1,0
461,89,1,0
461,683,1,2
462,100,0,1
462,291,0,1
462,798,0,1
463,219,0,1
463,627,0,2
464,373,1,0
465,441,0,1
465,722,0,1
467,29,1,0
467,209,1,0
467,607,1,2
468,80,1,0
468,170,1,0
470,16,1,0
470,29,1,0
470,521,1,2
471,27,2,0
471,182,2,1
471,918,2,0
472,583,0,2
473,459,1,0
473,479,1,2
474,270,2,1
474,387,2,0
475,49,2,0
475,247,2,1
476,224,2,0
476,225,2,1
477,90,1,0
477,197,1,0
477,713,1,0
477,599,1,0
477,635,1,2
478,19,1,0
478,209,1,0
478,835,1,0
479,216,2,0
479,473,2,1
479,767,2,0
480,130,2,0
480,166,2,1
481,137,2,1
481,165,2,0
481,554,2,0
481,661,2,0
481,986,2,1
482,9,2,0
482,327,2,1
482,804,2,1
482,601,2,1
482,847,2,0
483,150,2,0
483,228,2,1
484,199,0,1
484,279,0,1
484,762,0,1
485,74,2,0
485,338,2,1
485,965,2,0
485,599,2,0
485,779,2,0
486,100,2,1
486,393,2,0
487,283,0,1
487,292,0,1
487,809,0,2
488,312,0,2
489,215,2,0
489,415,2,1
489,860,2,1
490,251,0,1
490,385,0,1
490,928,0,1
490,545,0,2
491,362,0,2
491,375,0,1
491,898,0,1
491,670,0,1
492,185,1,0
492,285,1,2
492,497,1,0
492,809,1,2
493,123,2,0
493,233,2,1
493,929,2,1
494,106,1,0
494,261,1,0
494,991,1,2
494,649,1,0
495,133,1,0
495,572,1,0
496,94,2,0
496,213,2,1
496,581,2,0
496,768,2,1
497,381,0,1
497,492,0,1
497,798,0,1
497,721,0,2
497,735,0,1
497,928,0,1
498,206,0,1
498,372,0,2
499,382,0,1
499,607,0,2
499,863,0,2
499,768,0,1
500,150,1,0
500,227,1,0
502,86,1,0
502,158,1,0
503,403,0,2
503,999,0,1
503,994,0,2
503,825,0,2
504,105,1,0
504,329,1,0
504,527,1,0
505,211,2,0
505,295,2,1
505,874,2,1
506,155,0,1
506,220,0,1
506,539,0,1
507,153,2,1
507,157,2,0
508,41,2,0
508,207,2,1
509,187,1,0
509,974,1,0
510,37,2,0
510,167,2,1
511,95,0,1
511,695,0,1
511,956,0,1
512,211,2,0
512,408,2,1
512,714,2,0
512,629,2,0
513,56,1,0
513,169,1,0
514,128,1,0
514,421,1,0
515,197,1,0
516,221,0,1
516,303,0,1
517,134,1,0
517,673,1,0
518,633,0,2
518,667,0,2
519,63,1,0
519,234,1,0
519,665,1,0
520,159,1,0
520,161,1,0
521,274,2,0
521,470,2,1
521,861,2,0
521,613,2,1
522,89,1,0
522,970,1,2
522,645,1,2
523,56,1,0
524,81,2,0
524,101,2,1
524,568,2,0
525,265,0,1
525,570,0,1
526,122,1,0
526,242,1,0
526,948,1,0
526,754,1,2
526,772,1,0
527,176,0,1
527,504,0,1
528,257,1,2
528,316,1,0
529,205,0,2
529,341,0,2
530,211,1,0
530,632,1,0
530,800,1,2
530,633,1,2
531,55,1,0
531,115,1,0
532,75,1,0
532,76,1,0
533,2,1,0
533,255,1,0
534,81,1,0
534,92,1,0
534,555,1,0
534,905,1,0
534,583,1,2
535,8,0,1
535,186,0,1
535,956,0,1
535,901,0,2
536,130,2,0
536,258,2,1
536,752,2,0
537,68,1,0
537,450,1,2
537,980,1,2
538,299,0,1
539,181,1,0
539,506,1,0
539,629,1,0
540,5,2,0
540,453,2,1
541,297,1,0
541,334,1,2
541,826,1,0
542,87,1,0
542,130,1,0
542,638,1,0
543,150,1,0
543,452,1,2
543,720,1,0
544,786,0,1
545,382,2,1
545,490,2,0
545,967,2,1
545,673,2,0
546,20,1,0
546,71,1,0
547,422,0,1
547,423,0,1
548,438,0,1
548,701,0,2
550,249,2,0
550,310,2,1
551,116,1,0
551,366,1,0
551,814,1,0
551,678,1,0
552,170,2,0
552,338,2,1
552,750,2,0
552,672,2,0
553,368,0,1
554,481,0,2
554,669,0,1
555,534,0,1
556,378,0,2
556,455,0,1
557,3,1,0
557,131,1,0
557,703,1,0
558,440,1,0
559,99,1,0
559,190,1,0
559,787,1,2
559,917,1,2
560,10,2,0
560,443,2,1
562,300,2,0
562,332,2,1
563,26,1,0
563,109,1,0
564,270,0,1
564,307,0,1
565,180,1,0
565,450,1,2
566,331,0,1
566,962,0,1
567,17,2,0
567,162,2,1
567,750,2,0
567,907,2,0
568,266,0,2
568,524,0,2
569,240,2,0
569,277,2,1
570,75,1,0
570,525,1,0
571,307,2,1
571,343,2,0
571,791,2,1
571,877,2,0
571,577,2,0
572,331,0,1
572,495,0,1
573,27,2,0
573,162,2,1
573,882,2,1
574,38,1,0
574,288,1,2
575,38,1,0
575,63,1,0
576,37,1,0
576,255,1,0
576,802,1,0
577,422,0,1
577,571,0,2
579,104,2,0
579,179,2,1
580,40,1,0
580,120,1,0
581,266,0,2
581,496,0,2
581,882,0,1
582,51,2,0
582,188,2,1
582,837,2,0
583,472,2,0
583,534,2,1
584,407,1,0
584,411,1,0
585,49,1,0
585,55,1,0
586,26,2,0
586,442,2,1
586,756,2,1
587,25,2,0
587,138,2,1
588,213,0,1
588,326,0,2
588,979,0,2
589,408,0,1
590,159,1,0
591,78,2,0
591,135,2,1
592,5,2,0
592,250,2,1
592,969,2,0
593,244,2,1
593,294,2,0
594,48,2,0
594,96,2,1
595,126,2,1
595,337,2,0
596,90,1,0
596,128,1,0
597,45,1,0
597,405,1,0
597,752,1,0
598,179,2,1
598,330,2,0
599,477,0,1
599,485,0,2
600,5,1,0
600,30,1,0
600,852,1,2
601,185,1,0
601,482,1,2
602,279,2,1
602,366,2,0
604,416,2,1
604,457,2,0
604,865,2,1
605,415,0,1
605,442,0,1
605,821,0,1
605,640,0,1
606,257,1,2
606,293,1,0
606,888,1,0
607,467,2,1
607,499,2,0
607,641,2,1
608,158,1,0
608,230,1,0
609,5,1,0
610,109,2,0
610,188,2,1
611,61,1,0
611,347,1,0
612,40,2,0
612,202,2,1
613,275,1,0
613,521,1,2
613,941,1,0
614,113,1,0
614,190,1,0
614,808,1,0
615,108,0,1
615,307,0,1
616,153,2,1
616,431,2,0
617,127,2,0
617,143,2,1
617,883,2,1
617,740,2,1
618,3,1,0
618,34,1,0
619,138,0,1
619,176,0,1
619,878,0,1
620,29,1,0
620,39,1,0
621,390,0,1
621,408,0,1
622,50,1,0
622,114,1,0
623,44,1,0
623,161,1,0
623,903,1,0
624,67,1,0
624,231,1,2
624,663,1,0
625,307,0,1
625,381,0,1
625,706,0,2
625,670,0,1
626,163,1,0
626,436,1,0
626,921,1,0
626,772,1,0
627,270,2,1
627,463,2,0
628,239,1,0
628,319,1,0
629,512,0,2
629,539,0,1
630,60,2,0
630,217,2,1
630,969,2,0
631,124,2,1
631,161,2,0
632,380,0,1
632,530,0,1
632,852,0,2
633,518,2,0
633,530,2,1
634,174,2,1
634,359,2,0
634,771,2,1
635,411,2,0
635,477,2,1
635,686,2,1
636,201,1,0
636,246,1,0
636,906,1,0
637,25,1,0
637,98,1,0
638,542,0,1
638,817,0,1
639,18,1,0
639,97,1,0
639,870,1,0
640,605,1,0
641,148,1,0
641,607,1,2
641,808,1,0
642,142,0,1
642,279,0,1
642,924,0,1
643,267,2,0
643,408,2,1
644,233,2,1
644,246,2,0
645,359,2,0
645,522,2,1
646,47,2,0
646,54,2,1
646,726,2,0
646,888,2,0
647,226,2,0
647,446,2,1
647,924,2,1
648,124,2,1
648,149,2,0
649,494,0,1
650,6,1,0
650,67,1,0
651,76,1,0
651,89,1,0
651,899,1,0
652,391,1,0
652,428,1,0
652,723,1,2
653,257,0,2
653,284,0,1
654,370,0,1
654,694,0,1
655,62,1,0
655,236,1,0
656,302,2,1
656,318,2,0
656,711,2,1
657,16,1,0
657,161,1,0
657,987,1,0
658,224,1,0
658,253,1,0
659,27,1,0
659,86,1,0
660,76,1,0
660,354,1,2
660,901,1,2
661,481,0,2
662,105,2,0
662,295,2,1
663,450,0,2
663,624,0,1
664,159,2,0
664,291,2,1
664,802,2,0
665,231,0,2
665,519,0,1
665,913,0,2
666,101,2,1
666,141,2,0
667,186,2,1
667,518,2,0
667,728,2,1
668,39,1,0
668,123,1,0
669,3,1,0
669,554,1,0
670,491,1,0
670,625,1,0
671,278,0,1
671,346,0,1
672,442,0,1
672,552,0,2
673,517,0,1
673,545,0,2
673,764,0,1
674,85,1,0
674,411,1,0
675,76,1,0
675,430,1,0
675,960,1,0
676,24,1,0
676,175,1,0
677,9,2,0
677,208,2,1
678,380,0,1
678,551,0,1
679,60,1,0
679,160,1,0
680,104,1,0
680,256,1,0
681,222,1,0
681,347,1,0
682,62,1,0
682,252,1,0
683,281,2,0
683,461,2,1
684,18,1,0
684,112,1,0
684,840,1,2
685,16,1,0
685,36,1,0
686,234,1,0
686,635,1,2
686,960,1,0
686,976,1,0
687,97,1,0
687,224,1,0
688,198,1,0
688,392,1,0
689,213,0,1
689,283,0,1
690,105,1,0
690,364,1,2
691,308,1,0
691,354,1,2
692,335,0,1
692,390,0,1
693,192,1,0
693,266,1,2
694,654,1,0
695,192,1,0
695,511,1,0
696,86,1,0
696,260,1,0
697,37,1,0
697,80,1,0
698,80,2,0
698,332,2,1
699,143,2,1
699,409,2,0
700,111,1,0
700,216,1,0
701,425,2,1
701,548,2,0
702,156,0,1
702,363,0,2
703,306,0,2
703,557,0,1
704,233,0,1
704,282,0,1
705,19,1,0
705,60,1,0
705,721,1,2
706,446,2,1
706,625,2,0
708,14,2,0
708,176,2,1
708,764,2,1
709,254,0,1
709,399,0,2
710,6,1,0
710,46,1,0
711,456,1,0
711,656,1,2
712,242,1,0
712,339,1,0
712,730,1,0
713,477,0,1
714,512,0,2
715,28,1,0
715,64,1,0
715,979,1,2
716,2,2,0
716,244,2,1
717,13,1,0
717,378,1,2
718,119,1,0
718,458,1,2
719,185,1,0
719,361,1,0
720,302,0,1
720,543,0,1
721,497,2,0
721,705,2,1
722,89,1,0
722,465,1,0
723,105,2,0
723,652,2,1
724,76,1,0
724,81,1,0
725,434,1,0
725,457,1,0
726,108,0,1
726,646,0,2
727,68,1,0
727,74,1,0
728,171,1,0
728,667,1,2
729,47,1,0
729,226,1,0
730,378,0,2
730,712,0,1
731,154,2,1
731,249,2,0
732,126,2,1
732,366,2,0
733,38,2,0
733,126,2,1
734,60,1,0
734,407,1,0
735,358,1,2
735,497,1,0
736,317,0,1
736,377,0,1
737,35,2,0
737,235,2,1
738,301,0,2
738,309,0,1
739,42,1,0
739,64,1,0
740,401,1,0
740,617,1,2
740,921,1,0
741,249,1,0
741,333,1,2
742,190,1,0
742,347,1,0
743,249,1,0
743,366,1,0
744,96,0,1
744,342,0,1
744,915,0,2
745,390,0,1
746,301,0,2
746,412,0,1
747,135,0,1
747,278,0,1
748,196,1,0
748,337,1,0
749,132,2,1
749,168,2,0
750,552,0,2
750,567,0,2
751,99,1,0
751,452,1,2
752,536,0,2
752,597,0,1
753,155,0,1
753,176,0,1
754,117,2,0
754,526,2,1
755,204,1,0
755,240,1,0
756,315,1,0
756,586,1,2
757,260,1,0
757,288,1,2
758,1,1,0
758,290,1,0
759,17,1,0
759,110,1,0
760,170,2,0
760,278,2,1
760,817,2,1
761,141,1,0
761,252,1,0
762,359,1,0
762,484,1,0
763,118,0,1
763,302,0,1
764,673,1,0
764,708,1,2
764,899,1,0
765,40,1,0
765,201,1,0
766,16,1,0
766,367,1,2
767,296,0,1
767,479,0,2
768,496,1,2
768,499,1,0
769,55,2,0
769,155,2,1
770,58,2,0
770,108,2,1
771,80,1,0
771,634,1,2
772,526,0,1
772,626,0,1
773,334,0,2
773,455,0,1
774,243,2,0
774,270,2,1
775,85,1,0
775,354,1,2
776,117,1,0
776,203,1,0
777,182,0,1
777,342,0,1
778,92,2,0
778,247,2,1
779,306,0,2
779,485,0,2
780,317,2,1
780,430,2,0
781,389,1,0
781,421,1,0
782,40,1,0
782,378,1,2
783,180,1,0
783,411,1,0
784,18,1,0
784,92,1,0
785,169,1,0
785,190,1,0
786,449,1,2
786,544,1,0
786,953,1,0
787,456,2,0
787,559,2,1
788,38,2,0
788,166,2,1
789,48,1,0
789,216,1,0
790,171,2,0
790,356,2,1
791,122,1,0
791,571,1,2
792,19,1,0
792,25,1,0
793,49,1,0
793,158,1,0
794,148,1,0
794,369,1,2
795,47,1,0
795,114,1,0
796,286,1,0
796,405,1,0
797,315,2,0
797,322,2,1
798,462,1,0
798,497,1,0
799,211,1,0
799,246,1,0
800,195,2,0
800,530,2,1
801,154,0,1
801,258,0,1
802,576,0,1
802,664,0,2
803,77,1,0
803,452,1,2
804,314,1,0
804,482,1,2
805,132,2,1
805,273,2,0
806,294,2,0
806,360,2,1
807,271,0,2
807,382,0,1
808,614,0,1
808,641,0,1
809,487,2,0
809,492,2,1
810,85,2,0
810,244,2,1
811,187,1,0
811,198,1,0
812,176,2,1
812,198,2,0
813,180,1,0
813,205,1,2
814,451,0,1
814,551,0,1
815,181,2,0
815,218,2,1
816,3,2,0
816,8,2,1
817,638,1,0
817,760,1,2
818,407,1,0
818,428,1,0
819,70,2,1
819,242,2,0
820,48,2,0
820,284,2,1
821,48,1,0
821,605,1,0
822,379,2,1
822,405,2,0
823,16,1,0
823,159,1,0
824,85,1,0
824,450,1,2
825,303,2,1
825,503,2,0
826,422,0,1
826,541,0,1
827,65,1,0
827,201,1,0
828,149,2,0
828,313,2,1
829,109,1,0
829,116,1,0
830,169,1,0
830,289,1,0
831,152,1,0
831,185,1,0
832,141,1,0
832,301,1,2
833,204,1,0
833,231,1,2
834,346,0,1
834,356,0,1
835,100,0,1
835,478,0,1
836,149,2,0
836,453,2,1
837,146,0,1
837,582,0,2
838,23,2,0
838,138,2,1
839,151,2,1
839,402,2,0
840,361,2,0
840,684,2,1
841,153,2,1
841,215,2,0
842,244,0,1
842,448,0,1
843,157,2,0
843,262,2,1
844,282,2,1
844,297,2,0
845,50,1,0
845,89,1,0
846,134,1,0
846,172,1,0
847,381,0,1
847,482,0,2
848,125,2,0
848,164,2,1
849,15,1,0
849,148,1,0
850,97,1,0
850,234,1,0
851,122,1,0
851,267,1,0
852,600,2,1
852,632,2,0
853,80,2,0
853,225,2,1
854,178,0,1
854,365,0,2
855,268,1,0
855,429,1,2
856,98,2,0
856,282,2,1
857,8,2,1
857,147,2,0
858,133,2,0
858,145,2,1
859,161,1,0
859,333,1,2
860,159,1,0
860,489,1,2
861,410,0,2
861,521,0,2
862,55,1,0
862,73,1,0
863,338,2,1
863,499,2,0
864,220,2,1
864,249,2,0
865,320,1,0
865,604,1,2
866,118,0,1
866,369,0,2
867,97,2,0
867,144,2,1
868,60,1,0
868,393,1,0
869,199,2,1
869,224,2,0
870,362,0,2
870,639,0,1
871,170,2,0
871,173,2,1
872,11,1,0
872,387,1,0
873,193,0,1
873,326,0,2
874,165,1,0
874,505,1,2
875,267,1,0
875,373,1,0
876,67,2,0
876,118,2,1
877,424,0,1
877,571,0,2
878,260,1,0
878,619,1,0
879,271,0,2
879,338,0,1
880,265,0,1
880,269,0,1
881,183,1,0
881,314,1,0
882,573,1,2
882,581,1,0
883,245,1,0
883,617,1,2
884,169,1,0
884,234,1,0
885,26,1,0
885,165,1,0
886,35,1,0
886,204,1,0
887,21,1,0
887,47,1,0
888,606,0,1
888,646,0,2
889,419,0,1
889,455,0,1
890,77,1,0
890,384,1,0
891,208,2,1
891,275,2,0
892,67,1,0
892,241,1,0
893,210,2,0
893,232,2,1
894,24,1,0
894,329,1,0
895,334,1,2
895,339,1,0
896,191,0,1
896,382,0,1
897,83,0,1
897,212,0,1
898,426,1,2
898,491,1,0
899,651,0,1
899,764,0,1
900,81,1,0
900,337,1,0
901,535,2,0
901,660,2,1
902,166,0,1
902,353,0,1
903,360,0,1
903,623,0,1
904,3,1,0
904,72,1,0
905,250,0,1
905,534,0,1
906,369,0,2
906,636,0,1
907,394,0,1
907,567,0,2
908,49,2,0
908,118,2,1
909,315,1,0
909,363,1,2
910,67,1,0
910,187,1,0
911,425,2,1
911,428,2,0
912,9,1,0
912,336,1,2
913,321,2,1
913,665,2,0
914,97,1,0
914,252,1,0
915,118,2,1
915,744,2,0
916,188,2,1
916,329,2,0
917,420,2,0
917,559,2,1
918,424,0,1
918,471,0,2
919,79,1,0
919,84,1,0
920,255,2,0
920,277,2,1
921,626,0,1
921,740,0,1
922,46,1,0
922,180,1,0
923,242,2,0
923,277,2,1
924,642,1,0
924,647,1,2
925,307,2,1
925,431,2,0
926,274,2,0
926,435,2,1
927,114,1,0
927,209,1,0
928,490,1,0
928,497,1,0
929,411,1,0
929,493,1,2
930,239,1,0
930,452,1,2
931,2,1,0
931,24,1,0
932,117,2,0
932,146,2,1
933,61,1,0
933,267,1,0
934,170,2,0
934,193,2,1
935,75,1,0
935,289,1,0
936,407,2,0
936,416,2,1
937,301,1,2
937,337,1,0
938,92,1,0
938,300,1,0
939,233,0,1
939,362,0,2
940,19,2,0
940,124,2,1
941,341,0,2
941,613,0,1
942,236,1,0
942,333,1,2
943,13,1,0
943,90,1,0
944,275,1,0
944,297,1,0
945,329,1,0
945,439,1,0
946,7,1,0
946,57,1,0
947,60,2,0
947,189,2,1
948,351,0,1
948,526,0,1
949,138,2,1
949,323,2,0
950,25,2,0
950,277,2,1
951,286,1,0
951,323,1,0
952,96,2,1
952,430,2,0
953,416,0,1
953,786,0,1
954,300,1,0
954,402,1,0
955,92,2,0
955,375,2,1
956,511,1,0
956,535,1,0
957,32,1,0
957,428,1,0
958,69,1,0
958,77,1,0
959,75,1,0
959,333,1,2
960,675,0,1
960,686,0,1
961,209,1,0
961,281,1,0
962,458,1,2
962,566,1,0
963,79,1,0
963,160,1,0
964,200,2,0
964,386,2,1
965,251,0,1
965,485,0,2
966,104,1,0
966,312,1,2
967,4,1,0
967,545,1,2
968,8,2,1
968,240,2,0
969,592,0,2
969,630,0,2
970,128,2,0
970,522,2,1
971,228,0,1
971,265,0,1
972,40,2,0
972,262,2,1
973,24,2,0
973,232,2,1
974,299,0,1
974,509,0,1
975,68,1,0
975,116,1,0
976,298,0,1
976,686,0,1
977,128,1,0
977,216,1,0
978,22,2,0
978,167,2,1
979,588,2,0
979,715,2,1
980,226,2,0
980,537,2,1
981,64,1,0
981,192,1,0
982,220,2,1
982,330,2,0
983,111,2,0
983,272,2,1
984,275,2,0
984,342,2,1
985,226,1,0
985,290,1,0
986,397,1,0
986,481,1,2
987,438,0,1
987,657,0,1
988,328,1,2
988,387,1,0
989,139,2,0
989,351,2,1
990,171,1,1
990,196,1,1
991,140,2,2
991,494,2,1
992,182,0,1
992,298,0,1
993,51,1,0
993,109,1,0
994,258,2,1
994,503,2,0
995,87,1,0
995,102,1,0
996,26,1,0
996,168,1,0
997,11,1,0
997,224,1,0
998,6,1,0
998,215,1,0
999,306,1,2
999,503,1,0
